value list abb
921 934 10
10 16 2
869 891 3
349 366 4
758 785 5
764 787 6
447 468 6
0 1 3
406 428 7
748 778 7
343 359 5
72 65 6
954 957 2
777 803 7
663 692 8
598 623 9
343 359 5
355 373 8
232 229 7
727 763 9
618 640 10
785 816 8
651 678 11
308 320 8
372 392 9
680 712 10
855 875 9
389 412 10
884 906 4
834 850 10
638 665 12
158 157 8
196 198 9
859 877 10
507 530 10
306 317 9
976 975 3
307 319 10
658 687 12
734 770 10
55 57 7
353 369 9
806 828 11
9 10 4
130 131 9
821 842 12
608 634 11
825 846 13
177 184 10
192 196 11
553 574 11
795 821 12
329 345 9
556 580 12
103 98 10
702 734 11
236 234 10
310 322 10
443 464 8
473 496 11
496 520 12
434 453 9
631 660 13
692 724 12
645 669 13
490 514 13
351 367 10
621 648 14
797 823 13
9 10 4
355 373 8
204 208 10
363 383 11
513 533 12
566 592 13
845 862 11
335 354 10
526 548 13
671 702 11
512 532 13
718 751 12
576 598 14
659 689 13
400 425 11
484 510 14
114 113 11
454 477 12
721 755 13
424 448 10
249 251 11
546 569 14
920 933 5
35 34 8
529 551 15
964 963 4
681 714 13
19 24 9
315 327 11
654 681 13
817 838 13
325 338 12
10 16 2
21 27 10
40 38 9
523 545 14
587 614 15
237 235 12
210 213 11
113 111 12
908 926 6
74 67 11
184 190 12
836 852 12
733 768 11
936 946 3
321 334 13
847 865 12
390 414 12
394 416 13
623 652 15
991 993 4
940 947 4
543 565 16
27 29 11
469 490 13
860 878 11
708 741 13
840 858 13
175 178 11
362 382 12
9 10 4
852 871 13
724 759 14
31 31 12
892 911 7
600 625 12
970 970 5
130 131 9
810 833 14
436 454 10
390 414 12
885 907 8
972 973 6
227 226 12
970 970 5
908 926 6
548 571 15
170 168 12
650 675 14
294 305 12
793 820 13
993 996 5
234 233 11
689 721 14
20 25 11
55 57 7
549 572 16
80 76 12
247 247 13
76 70 13
795 821 12
257 261 13
929 937 4
519 541 15
288 299 14
173 174 13
471 493 14
610 636 12
303 314 13
634 662 14
398 423 14
46 47 10
871 893 5
370 390 12
273 281 15
841 859 14
630 658 16
173 174 13
11 19 11
632 661 15
467 486 14
157 155 11
626 655 17
53 53 11
198 199 11
646 670 15
460 482 15
99 93 13
79 73 14
707 738 14
175 178 11
874 897 6
964 963 4
104 100 13
745 774 11
604 630 13
278 288 16
217 221 13
567 593 15
933 941 5
203 205 12
965 965 7
979 981 5
74 67 11
688 720 15
604 630 13
915 931 8
670 701 12
129 130 12
279 289 17
303 314 13
948 954 5
436 454 10
281 293 18
353 369 9
986 988 6
279 289 17
813 836 15
85 79 14
358 376 13
873 895 7
260 266 16
232 229 7
189 193 13
365 386 13
330 348 11
146 147 12
995 997 6
899 922 8
713 747 14
280 292 20
102 96 14
30 30 13
260 266 16
176 182 13
70 63 9
216 218 14
91 88 15
93 90 16
346 364 7
722 756 15
396 419 15
294 305 12
158 157 8
677 709 12
648 672 16
496 520 12
956 958 5
813 836 15
581 605 16
667 698 13
38 36 10
842 860 15
251 254 14
228 227 13
559 585 14
581 605 16
374 394 11
554 576 13
480 504 15
439 460 12
834 850 10
934 942 6
821 842 12
446 467 9
110 107 14
244 242 14
15 21 12
554 576 13
337 355 11
361 380 14
276 284 17
85 79 14
7 8 5
787 818 14
114 113 11
7 8 5
283 296 19
422 445 11
173 174 13
865 888 12
89 85 17
211 214 15
707 738 14
341 358 12
439 460 12
618 640 10
274 282 18
165 161 14
172 170 14
107 103 15
956 958 5
358 376 13
41 40 11
130 131 9
157 155 11
152 153 13
374 394 11
172 170 14
706 737 15
63 60 10
885 907 8
982 983 7
148 148 14
244 242 14
121 120 14
262 270 18
252 256 15
405 427 12
684 716 16
777 803 7
270 278 19
126 128 15
988 991 7
329 345 9
467 486 14
780 808 10
947 952 6
741 773 12
297 308 15
471 493 14
848 866 14
254 259 16
181 188 13
242 239 15
384 406 13
338 356 13
394 416 13
110 107 14
862 880 13
452 473 13
173 174 13
747 776 12
786 817 15
673 704 13
992 994 6
908 926 6
935 943 7
596 621 16
313 325 12
971 972 8
373 393 12
935 943 7
97 91 17
361 380 14
264 274 20
564 590 15
141 142 14
563 588 16
658 687 12
439 460 12
34 32 13
858 876 11
45 45 12
215 217 16
100 94 15
781 810 11
906 925 9
846 863 13
243 241 16
768 791 8
298 309 16
416 440 12
516 538 16
85 79 14
89 85 17
860 878 11
345 363 8
376 397 14
456 478 16
10 16 2
347 365 8
829 848 14
945 950 7
797 823 13
190 195 14
561 587 17
713 747 14
684 716 16
124 125 16
723 757 16
475 499 16
510 531 14
582 608 18
872 894 8
77 72 15
34 32 13
653 680 14
983 985 8
233 232 13
896 916 9
752 784 8
883 904 7
664 694 14
620 643 16
320 330 14
105 102 16
480 504 15
665 696 15
833 849 15
288 299 14
675 707 14
180 187 14
117 117 15
620 643 16
329 345 9
659 689 13
533 557 17
43 42 13
695 728 13
657 685 14
766 790 9
170 168 12
519 541 15
700 732 14
394 416 13
597 622 17
87 84 19
47 48 12
580 603 17
320 330 14
295 307 16
684 716 16
203 205 12
311 323 13
656 684 15
876 899 8
416 440 12
488 513 15
541 561 18
249 251 11
776 800 9
217 221 13
782 812 12
893 913 10
189 193 13
463 484 16
553 574 11
723 757 16
506 528 14
248 249 14
732 766 12
625 654 18
771 792 10
252 256 15
325 338 12
165 161 14
201 203 13
764 787 6
565 591 16
781 810 11
84 78 15
212 215 17
818 841 14
640 668 14
524 546 15
474 498 17
516 538 16
292 303 16
963 962 7
409 430 13
542 563 19
739 772 13
978 977 6
676 708 15
985 987 9
520 543 17
139 141 15
890 910 10
595 618 17
998 999 7
490 514 13
679 710 13
623 652 15
261 269 19
283 296 19
300 311 17
779 806 11
484 510 14
65 62 11
696 729 15
266 276 21
149 151 15
908 926 6
436 454 10
141 142 14
432 451 11
262 270 18
9 10 4
725 760 15
577 600 18
771 792 10
619 642 17
669 699 14
749 780 9
647 671 17
654 681 13
621 648 14
138 139 16
544 567 17
216 218 14
136 136 17
386 408 14
896 916 9
759 786 7
0 1 3
179 185 15
412 433 14
779 806 11
664 694 14
477 501 17
475 499 16
282 295 20
978 977 6
383 404 15
70 63 9
120 119 16
168 166 16
332 350 12
481 507 17
245 245 16
910 930 11
604 630 13
864 887 14
579 601 19
354 371 11
863 882 15
585 612 19
327 342 14
1 4 7
481 507 17
544 567 17
490 514 13
867 889 13
792 819 15
601 627 14
867 889 13
323 336 14
13 20 13
998 999 7
339 357 14
490 514 13
473 496 11
973 974 7
469 490 13
209 212 12
43 42 13
941 948 8
377 398 16
728 764 13
774 797 12
622 651 17
638 665 12
379 399 17
838 856 14
569 594 16
85 79 14
53 53 11
506 528 14
412 433 14
406 428 7
987 989 8
308 320 8
896 916 9
206 210 13
452 473 13
498 524 15
74 67 11
776 800 9
863 882 15
72 65 6
115 115 16
354 371 11
898 921 12
441 463 15
175 178 11
107 103 15
484 510 14
468 488 16
836 852 12
212 215 17
242 239 15
810 833 14
202 204 14
621 648 14
0 1 3
123 123 17
58 59 11
53 53 11
629 657 18
471 493 14
811 835 17
968 967 8
131 134 18
708 741 13
175 178 11
584 611 20
558 582 15
601 627 14
712 746 16
773 796 13
673 704 13
179 185 15
479 502 18
923 935 5
620 643 16
654 681 13
382 402 18
457 480 17
122 121 18
570 595 17
21 27 10
717 750 16
380 400 19
224 225 15
690 722 15
732 766 12
699 731 16
749 780 9
137 137 18
681 714 13
572 596 18
949 955 6
649 673 17
703 735 16
9 10 4
176 182 13
639 667 16
919 932 9
777 803 7
351 367 10
692 724 12
803 826 15
531 553 18
172 170 14
726 761 16
503 526 16
826 847 15
109 106 17
960 961 8
301 312 18
679 710 13
982 983 7
18 22 13
412 433 14
558 582 15
708 741 13
496 520 12
257 261 13
809 832 15
634 662 14
290 302 17
381 401 20
935 943 7
292 303 16
437 457 14
944 949 9
468 488 16
76 70 13
863 882 15
246 246 17
780 808 10
555 579 15
401 426 13
663 692 8
79 73 14
127 129 16
166 163 17
258 264 18
588 615 18
479 502 18
559 585 14
620 643 16
461 483 17
929 937 4
384 406 13
371 391 13
989 992 8
880 903 9
628 656 19
799 825 16
514 535 17
271 279 20
532 555 19
449 470 14
563 588 16
969 969 9
745 774 11
383 404 15
398 423 14
608 634 11
981 982 8
530 552 19
516 538 16
382 402 18
193 197 12
595 618 17
862 880 13
711 745 18
853 872 14
450 471 15
542 563 19
764 787 6
422 445 11
3 7 8
45 45 12
806 828 11
374 394 11
35 34 8
39 37 11
355 373 8
186 191 14
905 923 10
978 977 6
718 751 12
707 738 14
541 561 18
40 38 9
452 473 13
276 284 17
438 458 15
413 437 17
258 264 18
968 967 8
929 937 4
992 994 6
513 533 12
876 899 8
854 873 15
576 598 14
82 77 16
657 685 14
119 118 17
846 863 13
79 73 14
122 121 18
244 242 14
238 236 16
849 869 15
279 289 17
277 287 19
556 580 12
817 838 13
182 189 14
534 558 19
535 559 20
889 909 11
427 449 12
575 597 19
694 727 15
703 735 16
365 386 13
107 103 15
313 325 12
333 351 13
388 410 15
306 317 9
198 199 11
616 639 13
160 159 15
775 799 13
698 730 17
817 838 13
894 914 11
897 919 13
249 251 11
368 389 15
141 142 14
839 857 15
217 221 13
772 795 14
116 116 17
125 127 17
589 617 19
650 675 14
659 689 13
124 125 16
892 911 7
438 458 15
52 52 13
586 613 20
142 145 17
417 442 14
693 726 16
807 830 17
103 98 10
433 452 12
113 111 12
301 312 18
49 49 14
274 282 18
428 450 13
748 778 7
443 464 8
322 335 15
997 998 8
44 44 15
691 723 16
138 139 16
883 904 7
260 266 16
262 270 18
999 1001 9
386 408 14
851 870 16
2 5 9
397 421 16
327 342 14
894 914 11
836 852 12
731 765 14
480 504 15
330 348 11
149 151 15
525 547 16
137 137 18
604 630 13
958 960 9
251 254 14
257 261 13
359 378 16
877 901 11
686 719 19
459 481 18
320 330 14
360 379 17
456 478 16
365 386 13
51 51 15
946 951 8
248 249 14
312 324 14
208 211 14
600 625 12
50 50 16
411 432 15
602 629 16
447 468 6
91 88 15
848 866 14
283 296 19
822 844 15
328 344 16
613 638 14
323 336 14
205 209 14
751 782 11
927 936 6
515 536 18
2 5 9
537 560 21
874 897 6
879 902 12
223 224 17
334 353 14
551 573 17
583 609 21
142 145 17
268 277 22
987 989 8
89 85 17
869 891 3
651 678 11
649 673 17
469 490 13
701 733 15
413 437 17
423 447 13
148 148 14
504 527 17
271 279 20
784 815 13
326 341 15
599 624 13
397 421 16
650 675 14
156 154 14
500 525 17
929 937 4
671 702 11
854 873 15
466 485 17
897 919 13
733 768 11
41 40 11
583 609 21
637 664 16
977 976 7
726 761 16
905 923 10
316 328 15
167 164 18
774 797 12
967 966 9
168 166 16
595 618 17
20 25 11
581 605 16
18 22 13
520 543 17
85 79 14
289 301 18
304 316 15
412 433 14
240 237 17
54 56 14
414 439 19
396 419 15
554 576 13
343 359 5
419 444 15
409 430 13
162 160 16
669 699 14
494 519 17
203 205 12
252 256 15
131 134 18
532 555 19
978 977 6
389 412 10
848 866 14
497 523 17
515 536 18
167 164 18
666 697 16
111 109 16
187 192 15
247 247 13
481 507 17
708 741 13
333 351 13
771 792 10
364 385 14
97 91 17
363 383 11
418 443 16
863 882 15
112 110 17
325 338 12
558 582 15
531 553 18
734 770 10
720 754 15
200 202 15
580 603 17
276 284 17
805 827 16
64 61 12
808 831 18
783 813 14
453 476 16
9 10 4
281 293 18
320 330 14
528 550 16
947 952 6
783 813 14
716 749 17
546 569 14
265 275 22
776 800 9
231 228 14
388 410 15
492 518 18
680 712 10
751 782 11
263 273 23
543 565 16
863 882 15
588 615 18
102 96 14
747 776 12
674 706 16
822 844 15
299 310 18
254 259 16
450 471 15
104 100 13
318 329 16
611 637 15
240 237 17
123 123 17
620 643 16
873 895 7
444 466 11
148 148 14
172 170 14
579 601 19
216 218 14
718 751 12
844 861 16
344 362 10
950 956 7
232 229 7
837 855 17
630 658 16
984 986 10
100 94 15
526 548 13
